time|src_ip|dst_ip|nexthop|input|output|Packets|len|first|last|src_port|dst_port|tcp_flags|protocol|tos|src_as|dst_as|src_mask|dst_mask
07/30/2013 10:40:00|192.168.7.2|192.168.7.255|10.10.10.10|1|1|1|99|1|1|137|137||17||1000|1000|1000|1000
